{
 "cells": [
  {
   "cell_type": "code",
   "execution_count": 91,
   "metadata": {},
   "outputs": [],
   "source": [
    "import sys\n",
    "sys.path.append('')\n",
    "import json\n",
    "import requests\n",
    "import csv\n",
    "import matplotlib.pyplot as plt\n",
    "import pandas as pd\n",
    "import numpy as np\n",
    "import matplotlib.cm as cm\n",
    "import matplotlib.colors as colors\n",
    "from pprint import pprint\n",
    "from config import weather\n",
    "from datetime import datetime, timezone, timedelta\n",
    "from sklearn.model_selection import train_test_split\n",
    "from sklearn import datasets, linear_model\n",
    "import statsmodels.api as sm\n",
    "from scipy import stats"
   ]
  },
  {
   "cell_type": "code",
   "execution_count": 99,
   "metadata": {},
   "outputs": [],
   "source": [
    "data0 = pd.read_excel('Tornado_Data_2009to2015_byMag.xlsx','Mag0')\n",
    "data1 = pd.read_excel('Tornado_Data_2009to2015_byMag.xlsx','Mag1')\n",
    "data2 = pd.read_excel('Tornado_Data_2009to2015_byMag.xlsx','Mag2')\n",
    "data3 = pd.read_excel('Tornado_Data_2009to2015_byMag.xlsx','Mag3')\n",
    "data4 = pd.read_excel('Tornado_Data_2009to2015_byMag.xlsx','Mag4')\n",
    "data5 = pd.read_excel('Tornado_Data_2009to2015_byMag.xlsx','Mag5')\n",
    "data0_sample = data0.sample(225)\n",
    "data1_sample = data1.sample(127)\n",
    "data2_sample = data2.sample(35)\n",
    "data3_sample = data3.sample(11)\n",
    "data4_sample = data4\n",
    "data5_sample = data5\n",
    "\n",
    "data = pd.concat([data0_sample, data1_sample, data2_sample, data3_sample, data4_sample, data5_sample])\n"
   ]
  },
  {
   "cell_type": "code",
   "execution_count": 100,
   "metadata": {},
   "outputs": [
    {
     "data": {
      "text/plain": [
       "(459, 22)"
      ]
     },
     "execution_count": 100,
     "metadata": {},
     "output_type": "execute_result"
    }
   ],
   "source": [
    "\n",
    "test = data\n",
    "test.shape\n",
    "#test = data.iloc[25:51]"
   ]
  },
  {
   "cell_type": "code",
   "execution_count": 101,
   "metadata": {},
   "outputs": [],
   "source": [
    "\n",
    "#putting coordinates into a list\n",
    "coordinates = test[['Starting Latitude', 'Starting Longitude']]\n",
    "#print(coordinates)\n",
    "coord_list = []\n",
    "for index, row in coordinates.iterrows():\n",
    "    y = row['Starting Latitude']\n",
    "    z = row['Starting Longitude']\n",
    "    a = (y,z)\n",
    "    coord_list.append(a)\n"
   ]
  },
  {
   "cell_type": "code",
   "execution_count": 102,
   "metadata": {},
   "outputs": [],
   "source": [
    "#putting dates into list\n",
    "\n",
    "start_date = []\n",
    "end_date = []\n",
    "\n",
    "for index, row in test[['Year','Month','Day','Date']].iterrows():\n",
    "    year = row['Year']\n",
    "    month = row['Month']\n",
    "    day = row['Day']\n",
    "    e = datetime(year,month,day)-timedelta(3)\n",
    "    e= e.strftime('%Y-%m-%d')\n",
    "    end_date.append(e)\n",
    "    s = datetime(year,month,day)\n",
    "    s= s.strftime('%Y-%m-%d')\n",
    "    start_date.append(s)"
   ]
  },
  {
   "cell_type": "code",
   "execution_count": 103,
   "metadata": {},
   "outputs": [],
   "source": [
    "# df to add weather data to\n",
    "f = pd.DataFrame()\n",
    "f['Magnitude'] = test['Magnitude']\n",
    "f['Start Date'] = start_date\n",
    "f['End Date'] = end_date\n",
    "f['coord'] = coord_list\n",
    "f['Max Temp (F)'] = ''\n",
    "f['Min Temp (F)'] = ''\n",
    "f['Wind Speed (mph)'] = ''\n",
    "#f['Precip (mm)'] = ''\n",
    "f['Humidity'] = ''\n",
    "f['Visibility'] = ''\n",
    "f['Pressure'] = ''\n",
    "f['Cloud Cover'] = ''\n",
    "f['Heat Index (F)'] = ''\n",
    "f['Dew Point (F)'] = ''\n",
    "f['Wind Chill (F)'] = ''\n",
    "f['Wind Gust (mph)'] = ''"
   ]
  },
  {
   "cell_type": "code",
   "execution_count": 104,
   "metadata": {
    "scrolled": true
   },
   "outputs": [],
   "source": [
    "for index,row in f.iterrows():\n",
    "    coord = row['coord']\n",
    "    start = row['Start Date']\n",
    "    end = row['End Date']\n",
    "    tp = '24'\n",
    "\n",
    "    maxtF = []\n",
    "    mintF = []\n",
    "    wind = []\n",
    "   # precip_list = []\n",
    "    hum_list = []\n",
    "    vis_list = []\n",
    "    pres_list = []\n",
    "    clou_list = []\n",
    "    heat_list = []\n",
    "    dew_list = []\n",
    "    wind_chill_list = []\n",
    "    wind_gust_list = []\n",
    "\n",
    "    url = ('http://api.worldweatheronline.com/premium/v1/past-weather.ashx?key={0}&q={1},{2}&format=json&date={3}&tp={4}'\n",
    "          ).format(weather,coord[0],coord[1],start,tp)\n",
    "    weather_data = requests.get(url).json()\n",
    "    \n",
    "    for i in range(0,1):\n",
    "        max_temp = int(weather_data['data']['weather'][i]['maxtempF'])\n",
    "        maxtF.append(max_temp)\n",
    "        min_temp = int(weather_data['data']['weather'][i]['mintempF'])\n",
    "        mintF.append(min_temp)\n",
    "        wind_speed = int(weather_data['data']['weather'][i]['hourly'][0]['windspeedMiles'])\n",
    "        wind.append(wind_speed)\n",
    "        #precip = weather_data['data']['weather'][i]['hourly'][0]['precipMM']\n",
    "        #precip_list.append(precip)\n",
    "        humidity = int(weather_data['data']['weather'][i]['hourly'][0]['humidity'])\n",
    "        hum_list.append(humidity)\n",
    "        visibility = int(weather_data['data']['weather'][i]['hourly'][0]['visibility'])\n",
    "        vis_list.append(visibility)\n",
    "        pressure = int(weather_data['data']['weather'][i]['hourly'][0]['pressure'])\n",
    "        pres_list.append(pressure)\n",
    "        cloud_cover = int(weather_data['data']['weather'][i]['hourly'][0]['cloudcover'])\n",
    "        clou_list.append(cloud_cover)\n",
    "        heat_index = int(weather_data['data']['weather'][i]['hourly'][0]['HeatIndexF'])\n",
    "        heat_list.append(heat_index)\n",
    "        dew_point = int(weather_data['data']['weather'][i]['hourly'][0]['DewPointF'])\n",
    "        dew_list.append(dew_point)\n",
    "        wind_chill = int(weather_data['data']['weather'][i]['hourly'][0]['WindChillF'])\n",
    "        wind_chill_list.append(wind_chill)\n",
    "        wind_gust = int(weather_data['data']['weather'][i]['hourly'][0]['WindGustMiles'])\n",
    "        wind_gust_list.append(wind_gust)\n",
    "    max_temp_mean = pd.DataFrame({'max':maxtF}).mean()\n",
    "    min_temp_mean = pd.DataFrame({'min':mintF}).mean()\n",
    "    wind_speed_mean = pd.DataFrame({'wind_speed':wind}).mean()\n",
    "    #precip_mean = pd.DataFrame({'precip':precip_list}).mean()\n",
    "    hum_mean = pd.DataFrame({'hum':hum_list}).mean()\n",
    "    visib_mean = pd.DataFrame({'vis':vis_list}).mean()\n",
    "    pres_mean = pd.DataFrame({'pres': pres_list}).mean()\n",
    "    clou_mean = pd.DataFrame({'cloud':clou_list}).mean()\n",
    "    heat_index_mean = pd.DataFrame({'heat':heat_list}).mean()\n",
    "    dew_mean = pd.DataFrame({'dew':dew_list}).mean()\n",
    "    wind_chill_mean = pd.DataFrame({'wchill':wind_chill_list}).mean()\n",
    "    wind_gust_mean = pd.DataFrame({'wgust':wind_gust_list}).mean()\n",
    "    f.loc[index,'Max Temp (F)'] = int(max_temp_mean)\n",
    "    f.loc[index, 'Min Temp (F)'] = int(min_temp_mean)\n",
    "    f.loc[index, 'Wind Speed (mph)'] = int(wind_speed_mean)\n",
    "    #f.loc[index, 'Precip (mm)'] = precip_mean\n",
    "    f.loc[index, 'Humidity'] = int(hum_mean)\n",
    "    f.loc[index, 'Visibility'] = int(visib_mean)\n",
    "    f.loc[index, 'Pressure'] = int(pres_mean)\n",
    "    f.loc[index, 'Cloud Cover'] = int(clou_mean)\n",
    "    f.loc[index, 'Heat Index (F)'] = int(heat_index_mean)\n",
    "    f.loc[index, 'Dew Point (F)'] = int(dew_mean)\n",
    "    f.loc[index, 'Wind Chill (F)'] = int(wind_chill_mean)\n",
    "    f.loc[index, 'Wind Gust (mph)'] = int(wind_gust_mean)\n",
    "    "
   ]
  },
  {
   "cell_type": "code",
   "execution_count": 105,
   "metadata": {},
   "outputs": [
    {
     "data": {
      "text/plain": [
       "Index(['Magnitude', 'Start Date', 'End Date', 'coord', 'Max Temp (F)',\n",
       "       'Min Temp (F)', 'Wind Speed (mph)', 'Humidity', 'Visibility',\n",
       "       'Pressure', 'Cloud Cover', 'Heat Index (F)', 'Dew Point (F)',\n",
       "       'Wind Chill (F)', 'Wind Gust (mph)'],\n",
       "      dtype='object')"
      ]
     },
     "execution_count": 105,
     "metadata": {},
     "output_type": "execute_result"
    }
   ],
   "source": [
    "f.columns"
   ]
  },
  {
   "cell_type": "code",
   "execution_count": 123,
   "metadata": {
    "scrolled": true
   },
   "outputs": [],
   "source": [
    "y = f['Magnitude']\n",
    "x = f[['Pressure', 'Dew Point (F)',\n",
    "       'Wind Gust (mph)']]"
   ]
  },
  {
   "cell_type": "code",
   "execution_count": 124,
   "metadata": {},
   "outputs": [],
   "source": [
    "X_train, X_test, y_train, y_test = train_test_split(x,y,test_size = .2)"
   ]
  },
  {
   "cell_type": "code",
   "execution_count": 128,
   "metadata": {},
   "outputs": [],
   "source": [
    "lm = linear_model.LinearRegression()\n",
    "model = lm.fit(X_train, y_train)\n",
    "predictions = lm.predict(X_test)"
   ]
  },
  {
   "cell_type": "code",
   "execution_count": 126,
   "metadata": {},
   "outputs": [
    {
     "name": "stdout",
     "output_type": "stream",
     "text": [
      "                            OLS Regression Results                            \n",
      "==============================================================================\n",
      "Dep. Variable:              Magnitude   R-squared:                       0.151\n",
      "Model:                            OLS   Adj. R-squared:                  0.145\n",
      "Method:                 Least Squares   F-statistic:                     26.93\n",
      "Date:                Wed, 16 Jan 2019   Prob (F-statistic):           4.73e-16\n",
      "Time:                        21:06:11   Log-Likelihood:                -768.55\n",
      "No. Observations:                 459   AIC:                             1545.\n",
      "Df Residuals:                     455   BIC:                             1562.\n",
      "Df Model:                           3                                         \n",
      "Covariance Type:            nonrobust                                         \n",
      "===================================================================================\n",
      "                      coef    std err          t      P>|t|      [0.025      0.975]\n",
      "-----------------------------------------------------------------------------------\n",
      "const              67.7946     13.707      4.946      0.000      40.858      94.731\n",
      "Pressure           -0.0684      0.014     -5.055      0.000      -0.095      -0.042\n",
      "Dew Point (F)       0.0242      0.007      3.491      0.001       0.011       0.038\n",
      "Wind Gust (mph)     0.0389      0.009      4.098      0.000       0.020       0.058\n",
      "==============================================================================\n",
      "Omnibus:                       58.941   Durbin-Watson:                   0.298\n",
      "Prob(Omnibus):                  0.000   Jarque-Bera (JB):               79.485\n",
      "Skew:                           1.013   Prob(JB):                     5.50e-18\n",
      "Kurtosis:                       3.220   Cond. No.                     2.29e+05\n",
      "==============================================================================\n",
      "\n",
      "Warnings:\n",
      "[1] Standard Errors assume that the covariance matrix of the errors is correctly specified.\n",
      "[2] The condition number is large, 2.29e+05. This might indicate that there are\n",
      "strong multicollinearity or other numerical problems.\n"
     ]
    }
   ],
   "source": [
    "X2 = sm.add_constant(x)\n",
    "est = sm.OLS(y, X2)\n",
    "est2 = est.fit()\n",
    "print(est2.summary())"
   ]
  },
  {
   "cell_type": "code",
   "execution_count": 110,
   "metadata": {},
   "outputs": [
    {
     "data": {
      "text/html": [
       "<div>\n",
       "<style scoped>\n",
       "    .dataframe tbody tr th:only-of-type {\n",
       "        vertical-align: middle;\n",
       "    }\n",
       "\n",
       "    .dataframe tbody tr th {\n",
       "        vertical-align: top;\n",
       "    }\n",
       "\n",
       "    .dataframe thead th {\n",
       "        text-align: right;\n",
       "    }\n",
       "</style>\n",
       "<table border=\"1\" class=\"dataframe\">\n",
       "  <thead>\n",
       "    <tr style=\"text-align: right;\">\n",
       "      <th></th>\n",
       "      <th>Magnitude</th>\n",
       "      <th>Max Temp (F)</th>\n",
       "      <th>Min Temp (F)</th>\n",
       "      <th>Wind Speed (mph)</th>\n",
       "      <th>Humidity</th>\n",
       "      <th>Visibility</th>\n",
       "      <th>Pressure</th>\n",
       "      <th>Cloud Cover</th>\n",
       "      <th>Heat Index (F)</th>\n",
       "      <th>Dew Point (F)</th>\n",
       "      <th>Wind Chill (F)</th>\n",
       "      <th>Wind Gust (mph)</th>\n",
       "    </tr>\n",
       "  </thead>\n",
       "  <tbody>\n",
       "    <tr>\n",
       "      <th>Magnitude</th>\n",
       "      <td>1.000000</td>\n",
       "      <td>0.051535</td>\n",
       "      <td>0.075294</td>\n",
       "      <td>0.295792</td>\n",
       "      <td>0.104326</td>\n",
       "      <td>0.038455</td>\n",
       "      <td>-0.308188</td>\n",
       "      <td>0.089619</td>\n",
       "      <td>0.055581</td>\n",
       "      <td>0.137793</td>\n",
       "      <td>0.040435</td>\n",
       "      <td>0.290709</td>\n",
       "    </tr>\n",
       "    <tr>\n",
       "      <th>Max Temp (F)</th>\n",
       "      <td>0.051535</td>\n",
       "      <td>1.000000</td>\n",
       "      <td>0.737619</td>\n",
       "      <td>-0.024736</td>\n",
       "      <td>-0.510056</td>\n",
       "      <td>0.402046</td>\n",
       "      <td>-0.126241</td>\n",
       "      <td>-0.547964</td>\n",
       "      <td>0.890910</td>\n",
       "      <td>0.470150</td>\n",
       "      <td>0.901627</td>\n",
       "      <td>-0.048174</td>\n",
       "    </tr>\n",
       "    <tr>\n",
       "      <th>Min Temp (F)</th>\n",
       "      <td>0.075294</td>\n",
       "      <td>0.737619</td>\n",
       "      <td>1.000000</td>\n",
       "      <td>0.033336</td>\n",
       "      <td>-0.040967</td>\n",
       "      <td>0.109187</td>\n",
       "      <td>-0.020883</td>\n",
       "      <td>-0.142100</td>\n",
       "      <td>0.891635</td>\n",
       "      <td>0.796335</td>\n",
       "      <td>0.875146</td>\n",
       "      <td>0.061162</td>\n",
       "    </tr>\n",
       "    <tr>\n",
       "      <th>Wind Speed (mph)</th>\n",
       "      <td>0.295792</td>\n",
       "      <td>-0.024736</td>\n",
       "      <td>0.033336</td>\n",
       "      <td>1.000000</td>\n",
       "      <td>-0.013512</td>\n",
       "      <td>0.168469</td>\n",
       "      <td>-0.405468</td>\n",
       "      <td>0.163168</td>\n",
       "      <td>-0.068884</td>\n",
       "      <td>-0.045716</td>\n",
       "      <td>-0.086644</td>\n",
       "      <td>0.947225</td>\n",
       "    </tr>\n",
       "    <tr>\n",
       "      <th>Humidity</th>\n",
       "      <td>0.104326</td>\n",
       "      <td>-0.510056</td>\n",
       "      <td>-0.040967</td>\n",
       "      <td>-0.013512</td>\n",
       "      <td>1.000000</td>\n",
       "      <td>-0.581860</td>\n",
       "      <td>0.142217</td>\n",
       "      <td>0.739894</td>\n",
       "      <td>-0.283566</td>\n",
       "      <td>0.433243</td>\n",
       "      <td>-0.340190</td>\n",
       "      <td>0.060675</td>\n",
       "    </tr>\n",
       "    <tr>\n",
       "      <th>Visibility</th>\n",
       "      <td>0.038455</td>\n",
       "      <td>0.402046</td>\n",
       "      <td>0.109187</td>\n",
       "      <td>0.168469</td>\n",
       "      <td>-0.581860</td>\n",
       "      <td>1.000000</td>\n",
       "      <td>-0.130229</td>\n",
       "      <td>-0.568999</td>\n",
       "      <td>0.239606</td>\n",
       "      <td>-0.148126</td>\n",
       "      <td>0.261856</td>\n",
       "      <td>0.105988</td>\n",
       "    </tr>\n",
       "    <tr>\n",
       "      <th>Pressure</th>\n",
       "      <td>-0.308188</td>\n",
       "      <td>-0.126241</td>\n",
       "      <td>-0.020883</td>\n",
       "      <td>-0.405468</td>\n",
       "      <td>0.142217</td>\n",
       "      <td>-0.130229</td>\n",
       "      <td>1.000000</td>\n",
       "      <td>0.068007</td>\n",
       "      <td>-0.036228</td>\n",
       "      <td>0.059704</td>\n",
       "      <td>-0.044945</td>\n",
       "      <td>-0.403209</td>\n",
       "    </tr>\n",
       "    <tr>\n",
       "      <th>Cloud Cover</th>\n",
       "      <td>0.089619</td>\n",
       "      <td>-0.547964</td>\n",
       "      <td>-0.142100</td>\n",
       "      <td>0.163168</td>\n",
       "      <td>0.739894</td>\n",
       "      <td>-0.568999</td>\n",
       "      <td>0.068007</td>\n",
       "      <td>1.000000</td>\n",
       "      <td>-0.406391</td>\n",
       "      <td>0.118269</td>\n",
       "      <td>-0.438454</td>\n",
       "      <td>0.212872</td>\n",
       "    </tr>\n",
       "    <tr>\n",
       "      <th>Heat Index (F)</th>\n",
       "      <td>0.055581</td>\n",
       "      <td>0.890910</td>\n",
       "      <td>0.891635</td>\n",
       "      <td>-0.068884</td>\n",
       "      <td>-0.283566</td>\n",
       "      <td>0.239606</td>\n",
       "      <td>-0.036228</td>\n",
       "      <td>-0.406391</td>\n",
       "      <td>1.000000</td>\n",
       "      <td>0.719590</td>\n",
       "      <td>0.982270</td>\n",
       "      <td>-0.065243</td>\n",
       "    </tr>\n",
       "    <tr>\n",
       "      <th>Dew Point (F)</th>\n",
       "      <td>0.137793</td>\n",
       "      <td>0.470150</td>\n",
       "      <td>0.796335</td>\n",
       "      <td>-0.045716</td>\n",
       "      <td>0.433243</td>\n",
       "      <td>-0.148126</td>\n",
       "      <td>0.059704</td>\n",
       "      <td>0.118269</td>\n",
       "      <td>0.719590</td>\n",
       "      <td>1.000000</td>\n",
       "      <td>0.676918</td>\n",
       "      <td>0.004710</td>\n",
       "    </tr>\n",
       "    <tr>\n",
       "      <th>Wind Chill (F)</th>\n",
       "      <td>0.040435</td>\n",
       "      <td>0.901627</td>\n",
       "      <td>0.875146</td>\n",
       "      <td>-0.086644</td>\n",
       "      <td>-0.340190</td>\n",
       "      <td>0.261856</td>\n",
       "      <td>-0.044945</td>\n",
       "      <td>-0.438454</td>\n",
       "      <td>0.982270</td>\n",
       "      <td>0.676918</td>\n",
       "      <td>1.000000</td>\n",
       "      <td>-0.080626</td>\n",
       "    </tr>\n",
       "    <tr>\n",
       "      <th>Wind Gust (mph)</th>\n",
       "      <td>0.290709</td>\n",
       "      <td>-0.048174</td>\n",
       "      <td>0.061162</td>\n",
       "      <td>0.947225</td>\n",
       "      <td>0.060675</td>\n",
       "      <td>0.105988</td>\n",
       "      <td>-0.403209</td>\n",
       "      <td>0.212872</td>\n",
       "      <td>-0.065243</td>\n",
       "      <td>0.004710</td>\n",
       "      <td>-0.080626</td>\n",
       "      <td>1.000000</td>\n",
       "    </tr>\n",
       "  </tbody>\n",
       "</table>\n",
       "</div>"
      ],
      "text/plain": [
       "                  Magnitude  Max Temp (F)  Min Temp (F)  Wind Speed (mph)  \\\n",
       "Magnitude          1.000000      0.051535      0.075294          0.295792   \n",
       "Max Temp (F)       0.051535      1.000000      0.737619         -0.024736   \n",
       "Min Temp (F)       0.075294      0.737619      1.000000          0.033336   \n",
       "Wind Speed (mph)   0.295792     -0.024736      0.033336          1.000000   \n",
       "Humidity           0.104326     -0.510056     -0.040967         -0.013512   \n",
       "Visibility         0.038455      0.402046      0.109187          0.168469   \n",
       "Pressure          -0.308188     -0.126241     -0.020883         -0.405468   \n",
       "Cloud Cover        0.089619     -0.547964     -0.142100          0.163168   \n",
       "Heat Index (F)     0.055581      0.890910      0.891635         -0.068884   \n",
       "Dew Point (F)      0.137793      0.470150      0.796335         -0.045716   \n",
       "Wind Chill (F)     0.040435      0.901627      0.875146         -0.086644   \n",
       "Wind Gust (mph)    0.290709     -0.048174      0.061162          0.947225   \n",
       "\n",
       "                  Humidity  Visibility  Pressure  Cloud Cover  Heat Index (F)  \\\n",
       "Magnitude         0.104326    0.038455 -0.308188     0.089619        0.055581   \n",
       "Max Temp (F)     -0.510056    0.402046 -0.126241    -0.547964        0.890910   \n",
       "Min Temp (F)     -0.040967    0.109187 -0.020883    -0.142100        0.891635   \n",
       "Wind Speed (mph) -0.013512    0.168469 -0.405468     0.163168       -0.068884   \n",
       "Humidity          1.000000   -0.581860  0.142217     0.739894       -0.283566   \n",
       "Visibility       -0.581860    1.000000 -0.130229    -0.568999        0.239606   \n",
       "Pressure          0.142217   -0.130229  1.000000     0.068007       -0.036228   \n",
       "Cloud Cover       0.739894   -0.568999  0.068007     1.000000       -0.406391   \n",
       "Heat Index (F)   -0.283566    0.239606 -0.036228    -0.406391        1.000000   \n",
       "Dew Point (F)     0.433243   -0.148126  0.059704     0.118269        0.719590   \n",
       "Wind Chill (F)   -0.340190    0.261856 -0.044945    -0.438454        0.982270   \n",
       "Wind Gust (mph)   0.060675    0.105988 -0.403209     0.212872       -0.065243   \n",
       "\n",
       "                  Dew Point (F)  Wind Chill (F)  Wind Gust (mph)  \n",
       "Magnitude              0.137793        0.040435         0.290709  \n",
       "Max Temp (F)           0.470150        0.901627        -0.048174  \n",
       "Min Temp (F)           0.796335        0.875146         0.061162  \n",
       "Wind Speed (mph)      -0.045716       -0.086644         0.947225  \n",
       "Humidity               0.433243       -0.340190         0.060675  \n",
       "Visibility            -0.148126        0.261856         0.105988  \n",
       "Pressure               0.059704       -0.044945        -0.403209  \n",
       "Cloud Cover            0.118269       -0.438454         0.212872  \n",
       "Heat Index (F)         0.719590        0.982270        -0.065243  \n",
       "Dew Point (F)          1.000000        0.676918         0.004710  \n",
       "Wind Chill (F)         0.676918        1.000000        -0.080626  \n",
       "Wind Gust (mph)        0.004710       -0.080626         1.000000  "
      ]
     },
     "execution_count": 110,
     "metadata": {},
     "output_type": "execute_result"
    }
   ],
   "source": [
    "correlation = f.corr()\n",
    "correlation"
   ]
  },
  {
   "cell_type": "code",
   "execution_count": null,
   "metadata": {},
   "outputs": [],
   "source": []
  }
 ],
 "metadata": {
  "kernelspec": {
   "display_name": "Python 3",
   "language": "python",
   "name": "python3"
  },
  "language_info": {
   "codemirror_mode": {
    "name": "ipython",
    "version": 3
   },
   "file_extension": ".py",
   "mimetype": "text/x-python",
   "name": "python",
   "nbconvert_exporter": "python",
   "pygments_lexer": "ipython3",
   "version": "3.7.0"
  }
 },
 "nbformat": 4,
 "nbformat_minor": 2
}
