{
 "cells": [
  {
   "cell_type": "code",
   "execution_count": 1,
   "metadata": {},
   "outputs": [],
   "source": [
    "import sys\n",
    "sys.path.append('')\n",
    "import json\n",
    "import requests\n",
    "import csv\n",
    "import matplotlib.pyplot as plt\n",
    "import pandas as pd\n",
    "import numpy as np\n",
    "import matplotlib.cm as cm\n",
    "import matplotlib.colors as colors\n",
    "from pprint import pprint\n",
    "from config import weather\n",
    "from datetime import datetime, timezone, timedelta\n",
    "from sklearn.model_selection import train_test_split\n",
    "from sklearn import datasets, linear_model\n",
    "import statsmodels.api as sm\n",
    "from scipy import stats"
   ]
  },
  {
   "cell_type": "code",
   "execution_count": 2,
   "metadata": {},
   "outputs": [],
   "source": [
    "data0 = pd.read_excel('Tornado_Data_2009to2015_byMag.xlsx','Mag0')\n",
    "data1 = pd.read_excel('Tornado_Data_2009to2015_byMag.xlsx','Mag1')\n",
    "data2 = pd.read_excel('Tornado_Data_2009to2015_byMag.xlsx','Mag2')\n",
    "data3 = pd.read_excel('Tornado_Data_2009to2015_byMag.xlsx','Mag3')\n",
    "data4 = pd.read_excel('Tornado_Data_2009to2015_byMag.xlsx','Mag4')\n",
    "data5 = pd.read_excel('Tornado_Data_2009to2015_byMag.xlsx','Mag5')\n",
    "data0_sample = data0.sample(225)\n",
    "data1_sample = data1.sample(127)\n",
    "data2_sample = data2.sample(35)\n",
    "data3_sample = data3.sample(11)\n",
    "data4_sample = data4\n",
    "data5_sample = data5\n",
    "\n",
    "data = pd.concat([data0_sample, data1_sample, data2_sample, data3_sample, data4_sample, data5_sample])\n"
   ]
  },
  {
   "cell_type": "code",
   "execution_count": 3,
   "metadata": {},
   "outputs": [
    {
     "data": {
      "text/plain": [
       "(459, 22)"
      ]
     },
     "execution_count": 3,
     "metadata": {},
     "output_type": "execute_result"
    }
   ],
   "source": [
    "\n",
    "test = data\n",
    "test.shape\n",
    "#test = data.iloc[25:51]"
   ]
  },
  {
   "cell_type": "code",
   "execution_count": 4,
   "metadata": {},
   "outputs": [],
   "source": [
    "\n",
    "#putting coordinates into a list\n",
    "coordinates = test[['Starting Latitude', 'Starting Longitude']]\n",
    "#print(coordinates)\n",
    "coord_list = []\n",
    "for index, row in coordinates.iterrows():\n",
    "    y = row['Starting Latitude']\n",
    "    z = row['Starting Longitude']\n",
    "    a = (y,z)\n",
    "    coord_list.append(a)\n"
   ]
  },
  {
   "cell_type": "code",
   "execution_count": 5,
   "metadata": {},
   "outputs": [],
   "source": [
    "#putting dates into list\n",
    "\n",
    "start_date = []\n",
    "end_date = []\n",
    "\n",
    "for index, row in test[['Year','Month','Day','Date']].iterrows():\n",
    "    year = row['Year']\n",
    "    month = row['Month']\n",
    "    day = row['Day']\n",
    "    e = datetime(year,month,day)-timedelta(3)\n",
    "    e= e.strftime('%Y-%m-%d')\n",
    "    end_date.append(e)\n",
    "    s = datetime(year,month,day)\n",
    "    s= s.strftime('%Y-%m-%d')\n",
    "    start_date.append(s)"
   ]
  },
  {
   "cell_type": "code",
   "execution_count": 6,
   "metadata": {},
   "outputs": [],
   "source": [
    "# df to add weather data to\n",
    "f = pd.DataFrame()\n",
    "f['Magnitude'] = test['Magnitude']\n",
    "f['Start Date'] = start_date\n",
    "f['End Date'] = end_date\n",
    "f['coord'] = coord_list\n",
    "f['Max Temp (F)'] = ''\n",
    "f['Min Temp (F)'] = ''\n",
    "f['Wind Speed (mph)'] = ''\n",
    "#f['Precip (mm)'] = ''\n",
    "f['Humidity'] = ''\n",
    "f['Visibility'] = ''\n",
    "f['Pressure'] = ''\n",
    "f['Cloud Cover'] = ''\n",
    "f['Heat Index (F)'] = ''\n",
    "f['Dew Point (F)'] = ''\n",
    "f['Wind Chill (F)'] = ''\n",
    "f['Wind Gust (mph)'] = ''"
   ]
  },
  {
   "cell_type": "code",
   "execution_count": 7,
   "metadata": {
    "scrolled": true
   },
   "outputs": [],
   "source": [
    "for index,row in f.iterrows():\n",
    "    coord = row['coord']\n",
    "    start = row['Start Date']\n",
    "    end = row['End Date']\n",
    "    tp = '24'\n",
    "\n",
    "    maxtF = []\n",
    "    mintF = []\n",
    "    wind = []\n",
    "   # precip_list = []\n",
    "    hum_list = []\n",
    "    vis_list = []\n",
    "    pres_list = []\n",
    "    clou_list = []\n",
    "    heat_list = []\n",
    "    dew_list = []\n",
    "    wind_chill_list = []\n",
    "    wind_gust_list = []\n",
    "\n",
    "    url = ('http://api.worldweatheronline.com/premium/v1/past-weather.ashx?key={0}&q={1},{2}&format=json&date={3}&tp={4}'\n",
    "          ).format(weather,coord[0],coord[1],start,tp)\n",
    "    weather_data = requests.get(url).json()\n",
    "    \n",
    "    for i in range(0,1):\n",
    "        max_temp = int(weather_data['data']['weather'][i]['maxtempF'])\n",
    "        maxtF.append(max_temp)\n",
    "        min_temp = int(weather_data['data']['weather'][i]['mintempF'])\n",
    "        mintF.append(min_temp)\n",
    "        wind_speed = int(weather_data['data']['weather'][i]['hourly'][0]['windspeedMiles'])\n",
    "        wind.append(wind_speed)\n",
    "        #precip = weather_data['data']['weather'][i]['hourly'][0]['precipMM']\n",
    "        #precip_list.append(precip)\n",
    "        humidity = int(weather_data['data']['weather'][i]['hourly'][0]['humidity'])\n",
    "        hum_list.append(humidity)\n",
    "        visibility = int(weather_data['data']['weather'][i]['hourly'][0]['visibility'])\n",
    "        vis_list.append(visibility)\n",
    "        pressure = int(weather_data['data']['weather'][i]['hourly'][0]['pressure'])\n",
    "        pres_list.append(pressure)\n",
    "        cloud_cover = int(weather_data['data']['weather'][i]['hourly'][0]['cloudcover'])\n",
    "        clou_list.append(cloud_cover)\n",
    "        heat_index = int(weather_data['data']['weather'][i]['hourly'][0]['HeatIndexF'])\n",
    "        heat_list.append(heat_index)\n",
    "        dew_point = int(weather_data['data']['weather'][i]['hourly'][0]['DewPointF'])\n",
    "        dew_list.append(dew_point)\n",
    "        wind_chill = int(weather_data['data']['weather'][i]['hourly'][0]['WindChillF'])\n",
    "        wind_chill_list.append(wind_chill)\n",
    "        wind_gust = int(weather_data['data']['weather'][i]['hourly'][0]['WindGustMiles'])\n",
    "        wind_gust_list.append(wind_gust)\n",
    "    max_temp_mean = pd.DataFrame({'max':maxtF}).mean()\n",
    "    min_temp_mean = pd.DataFrame({'min':mintF}).mean()\n",
    "    wind_speed_mean = pd.DataFrame({'wind_speed':wind}).mean()\n",
    "    #precip_mean = pd.DataFrame({'precip':precip_list}).mean()\n",
    "    hum_mean = pd.DataFrame({'hum':hum_list}).mean()\n",
    "    visib_mean = pd.DataFrame({'vis':vis_list}).mean()\n",
    "    pres_mean = pd.DataFrame({'pres': pres_list}).mean()\n",
    "    clou_mean = pd.DataFrame({'cloud':clou_list}).mean()\n",
    "    heat_index_mean = pd.DataFrame({'heat':heat_list}).mean()\n",
    "    dew_mean = pd.DataFrame({'dew':dew_list}).mean()\n",
    "    wind_chill_mean = pd.DataFrame({'wchill':wind_chill_list}).mean()\n",
    "    wind_gust_mean = pd.DataFrame({'wgust':wind_gust_list}).mean()\n",
    "    f.loc[index,'Max Temp (F)'] = int(max_temp_mean)\n",
    "    f.loc[index, 'Min Temp (F)'] = int(min_temp_mean)\n",
    "    f.loc[index, 'Wind Speed (mph)'] = int(wind_speed_mean)\n",
    "    #f.loc[index, 'Precip (mm)'] = precip_mean\n",
    "    f.loc[index, 'Humidity'] = int(hum_mean)\n",
    "    f.loc[index, 'Visibility'] = int(visib_mean)\n",
    "    f.loc[index, 'Pressure'] = int(pres_mean)\n",
    "    f.loc[index, 'Cloud Cover'] = int(clou_mean)\n",
    "    f.loc[index, 'Heat Index (F)'] = int(heat_index_mean)\n",
    "    f.loc[index, 'Dew Point (F)'] = int(dew_mean)\n",
    "    f.loc[index, 'Wind Chill (F)'] = int(wind_chill_mean)\n",
    "    f.loc[index, 'Wind Gust (mph)'] = int(wind_gust_mean)\n",
    "    "
   ]
  },
  {
   "cell_type": "code",
   "execution_count": 8,
   "metadata": {},
   "outputs": [
    {
     "data": {
      "text/plain": [
       "Index(['Magnitude', 'Start Date', 'End Date', 'coord', 'Max Temp (F)',\n",
       "       'Min Temp (F)', 'Wind Speed (mph)', 'Humidity', 'Visibility',\n",
       "       'Pressure', 'Cloud Cover', 'Heat Index (F)', 'Dew Point (F)',\n",
       "       'Wind Chill (F)', 'Wind Gust (mph)'],\n",
       "      dtype='object')"
      ]
     },
     "execution_count": 8,
     "metadata": {},
     "output_type": "execute_result"
    }
   ],
   "source": [
    "f.columns"
   ]
  },
  {
   "cell_type": "code",
   "execution_count": 9,
   "metadata": {
    "scrolled": true
   },
   "outputs": [],
   "source": [
    "y = f['Magnitude']\n",
    "x = f[['Pressure', 'Dew Point (F)',\n",
    "       'Wind Gust (mph)']]"
   ]
  },
  {
   "cell_type": "code",
   "execution_count": 10,
   "metadata": {},
   "outputs": [],
   "source": [
    "X_train, X_test, y_train, y_test = train_test_split(x,y,test_size = .2)"
   ]
  },
  {
   "cell_type": "code",
   "execution_count": 11,
   "metadata": {},
   "outputs": [],
   "source": [
    "lm = linear_model.LinearRegression()\n",
    "model = lm.fit(X_train, y_train)\n",
    "predictions = lm.predict(X_test)"
   ]
  },
  {
   "cell_type": "code",
   "execution_count": 12,
   "metadata": {},
   "outputs": [
    {
     "name": "stdout",
     "output_type": "stream",
     "text": [
      "                            OLS Regression Results                            \n",
      "==============================================================================\n",
      "Dep. Variable:              Magnitude   R-squared:                       0.144\n",
      "Model:                            OLS   Adj. R-squared:                  0.139\n",
      "Method:                 Least Squares   F-statistic:                     25.57\n",
      "Date:                Tue, 22 Jan 2019   Prob (F-statistic):           2.64e-15\n",
      "Time:                        17:05:57   Log-Likelihood:                -770.30\n",
      "No. Observations:                 459   AIC:                             1549.\n",
      "Df Residuals:                     455   BIC:                             1565.\n",
      "Df Model:                           3                                         \n",
      "Covariance Type:            nonrobust                                         \n",
      "===================================================================================\n",
      "                      coef    std err          t      P>|t|      [0.025      0.975]\n",
      "-----------------------------------------------------------------------------------\n",
      "const              39.0149     12.919      3.020      0.003      13.628      64.402\n",
      "Pressure           -0.0401      0.013     -3.144      0.002      -0.065      -0.015\n",
      "Dew Point (F)       0.0225      0.007      3.301      0.001       0.009       0.036\n",
      "Wind Gust (mph)     0.0566      0.010      5.848      0.000       0.038       0.076\n",
      "==============================================================================\n",
      "Omnibus:                       58.738   Durbin-Watson:                   0.253\n",
      "Prob(Omnibus):                  0.000   Jarque-Bera (JB):               78.539\n",
      "Skew:                           1.000   Prob(JB):                     8.82e-18\n",
      "Kurtosis:                       3.331   Cond. No.                     2.15e+05\n",
      "==============================================================================\n",
      "\n",
      "Warnings:\n",
      "[1] Standard Errors assume that the covariance matrix of the errors is correctly specified.\n",
      "[2] The condition number is large, 2.15e+05. This might indicate that there are\n",
      "strong multicollinearity or other numerical problems.\n"
     ]
    }
   ],
   "source": [
    "X2 = sm.add_constant(x)\n",
    "est = sm.OLS(y, X2)\n",
    "est2 = est.fit()\n",
    "print(est2.summary())"
   ]
  },
  {
   "cell_type": "code",
   "execution_count": 13,
   "metadata": {},
   "outputs": [
    {
     "data": {
      "text/html": [
       "<div>\n",
       "<style scoped>\n",
       "    .dataframe tbody tr th:only-of-type {\n",
       "        vertical-align: middle;\n",
       "    }\n",
       "\n",
       "    .dataframe tbody tr th {\n",
       "        vertical-align: top;\n",
       "    }\n",
       "\n",
       "    .dataframe thead th {\n",
       "        text-align: right;\n",
       "    }\n",
       "</style>\n",
       "<table border=\"1\" class=\"dataframe\">\n",
       "  <thead>\n",
       "    <tr style=\"text-align: right;\">\n",
       "      <th></th>\n",
       "      <th>Magnitude</th>\n",
       "      <th>Max Temp (F)</th>\n",
       "      <th>Min Temp (F)</th>\n",
       "      <th>Wind Speed (mph)</th>\n",
       "      <th>Humidity</th>\n",
       "      <th>Visibility</th>\n",
       "      <th>Pressure</th>\n",
       "      <th>Cloud Cover</th>\n",
       "      <th>Heat Index (F)</th>\n",
       "      <th>Dew Point (F)</th>\n",
       "      <th>Wind Chill (F)</th>\n",
       "      <th>Wind Gust (mph)</th>\n",
       "    </tr>\n",
       "  </thead>\n",
       "  <tbody>\n",
       "    <tr>\n",
       "      <th>Magnitude</th>\n",
       "      <td>1.000000</td>\n",
       "      <td>0.074325</td>\n",
       "      <td>0.089962</td>\n",
       "      <td>0.339079</td>\n",
       "      <td>0.120951</td>\n",
       "      <td>-0.015878</td>\n",
       "      <td>-0.239391</td>\n",
       "      <td>0.135287</td>\n",
       "      <td>0.053409</td>\n",
       "      <td>0.136301</td>\n",
       "      <td>0.046325</td>\n",
       "      <td>0.327997</td>\n",
       "    </tr>\n",
       "    <tr>\n",
       "      <th>Max Temp (F)</th>\n",
       "      <td>0.074325</td>\n",
       "      <td>1.000000</td>\n",
       "      <td>0.765338</td>\n",
       "      <td>-0.065026</td>\n",
       "      <td>-0.442825</td>\n",
       "      <td>0.325665</td>\n",
       "      <td>-0.111545</td>\n",
       "      <td>-0.446815</td>\n",
       "      <td>0.896344</td>\n",
       "      <td>0.591213</td>\n",
       "      <td>0.909371</td>\n",
       "      <td>-0.083115</td>\n",
       "    </tr>\n",
       "    <tr>\n",
       "      <th>Min Temp (F)</th>\n",
       "      <td>0.089962</td>\n",
       "      <td>0.765338</td>\n",
       "      <td>1.000000</td>\n",
       "      <td>0.059647</td>\n",
       "      <td>-0.021568</td>\n",
       "      <td>0.076257</td>\n",
       "      <td>-0.037131</td>\n",
       "      <td>-0.080383</td>\n",
       "      <td>0.893565</td>\n",
       "      <td>0.843145</td>\n",
       "      <td>0.882900</td>\n",
       "      <td>0.092508</td>\n",
       "    </tr>\n",
       "    <tr>\n",
       "      <th>Wind Speed (mph)</th>\n",
       "      <td>0.339079</td>\n",
       "      <td>-0.065026</td>\n",
       "      <td>0.059647</td>\n",
       "      <td>1.000000</td>\n",
       "      <td>-0.003942</td>\n",
       "      <td>0.099363</td>\n",
       "      <td>-0.408696</td>\n",
       "      <td>0.233876</td>\n",
       "      <td>-0.088618</td>\n",
       "      <td>-0.054168</td>\n",
       "      <td>-0.104697</td>\n",
       "      <td>0.928047</td>\n",
       "    </tr>\n",
       "    <tr>\n",
       "      <th>Humidity</th>\n",
       "      <td>0.120951</td>\n",
       "      <td>-0.442825</td>\n",
       "      <td>-0.021568</td>\n",
       "      <td>-0.003942</td>\n",
       "      <td>1.000000</td>\n",
       "      <td>-0.550248</td>\n",
       "      <td>0.121935</td>\n",
       "      <td>0.706455</td>\n",
       "      <td>-0.241897</td>\n",
       "      <td>0.362073</td>\n",
       "      <td>-0.283574</td>\n",
       "      <td>0.096757</td>\n",
       "    </tr>\n",
       "    <tr>\n",
       "      <th>Visibility</th>\n",
       "      <td>-0.015878</td>\n",
       "      <td>0.325665</td>\n",
       "      <td>0.076257</td>\n",
       "      <td>0.099363</td>\n",
       "      <td>-0.550248</td>\n",
       "      <td>1.000000</td>\n",
       "      <td>-0.054586</td>\n",
       "      <td>-0.519312</td>\n",
       "      <td>0.222715</td>\n",
       "      <td>-0.092816</td>\n",
       "      <td>0.226141</td>\n",
       "      <td>0.028239</td>\n",
       "    </tr>\n",
       "    <tr>\n",
       "      <th>Pressure</th>\n",
       "      <td>-0.239391</td>\n",
       "      <td>-0.111545</td>\n",
       "      <td>-0.037131</td>\n",
       "      <td>-0.408696</td>\n",
       "      <td>0.121935</td>\n",
       "      <td>-0.054586</td>\n",
       "      <td>1.000000</td>\n",
       "      <td>0.001784</td>\n",
       "      <td>-0.006352</td>\n",
       "      <td>0.058386</td>\n",
       "      <td>-0.025334</td>\n",
       "      <td>-0.369064</td>\n",
       "    </tr>\n",
       "    <tr>\n",
       "      <th>Cloud Cover</th>\n",
       "      <td>0.135287</td>\n",
       "      <td>-0.446815</td>\n",
       "      <td>-0.080383</td>\n",
       "      <td>0.233876</td>\n",
       "      <td>0.706455</td>\n",
       "      <td>-0.519312</td>\n",
       "      <td>0.001784</td>\n",
       "      <td>1.000000</td>\n",
       "      <td>-0.342890</td>\n",
       "      <td>0.075287</td>\n",
       "      <td>-0.352423</td>\n",
       "      <td>0.295384</td>\n",
       "    </tr>\n",
       "    <tr>\n",
       "      <th>Heat Index (F)</th>\n",
       "      <td>0.053409</td>\n",
       "      <td>0.896344</td>\n",
       "      <td>0.893565</td>\n",
       "      <td>-0.088618</td>\n",
       "      <td>-0.241897</td>\n",
       "      <td>0.222715</td>\n",
       "      <td>-0.006352</td>\n",
       "      <td>-0.342890</td>\n",
       "      <td>1.000000</td>\n",
       "      <td>0.797898</td>\n",
       "      <td>0.980615</td>\n",
       "      <td>-0.078079</td>\n",
       "    </tr>\n",
       "    <tr>\n",
       "      <th>Dew Point (F)</th>\n",
       "      <td>0.136301</td>\n",
       "      <td>0.591213</td>\n",
       "      <td>0.843145</td>\n",
       "      <td>-0.054168</td>\n",
       "      <td>0.362073</td>\n",
       "      <td>-0.092816</td>\n",
       "      <td>0.058386</td>\n",
       "      <td>0.075287</td>\n",
       "      <td>0.797898</td>\n",
       "      <td>1.000000</td>\n",
       "      <td>0.769628</td>\n",
       "      <td>0.005163</td>\n",
       "    </tr>\n",
       "    <tr>\n",
       "      <th>Wind Chill (F)</th>\n",
       "      <td>0.046325</td>\n",
       "      <td>0.909371</td>\n",
       "      <td>0.882900</td>\n",
       "      <td>-0.104697</td>\n",
       "      <td>-0.283574</td>\n",
       "      <td>0.226141</td>\n",
       "      <td>-0.025334</td>\n",
       "      <td>-0.352423</td>\n",
       "      <td>0.980615</td>\n",
       "      <td>0.769628</td>\n",
       "      <td>1.000000</td>\n",
       "      <td>-0.091715</td>\n",
       "    </tr>\n",
       "    <tr>\n",
       "      <th>Wind Gust (mph)</th>\n",
       "      <td>0.327997</td>\n",
       "      <td>-0.083115</td>\n",
       "      <td>0.092508</td>\n",
       "      <td>0.928047</td>\n",
       "      <td>0.096757</td>\n",
       "      <td>0.028239</td>\n",
       "      <td>-0.369064</td>\n",
       "      <td>0.295384</td>\n",
       "      <td>-0.078079</td>\n",
       "      <td>0.005163</td>\n",
       "      <td>-0.091715</td>\n",
       "      <td>1.000000</td>\n",
       "    </tr>\n",
       "  </tbody>\n",
       "</table>\n",
       "</div>"
      ],
      "text/plain": [
       "                  Magnitude  Max Temp (F)  Min Temp (F)  Wind Speed (mph)  \\\n",
       "Magnitude          1.000000      0.074325      0.089962          0.339079   \n",
       "Max Temp (F)       0.074325      1.000000      0.765338         -0.065026   \n",
       "Min Temp (F)       0.089962      0.765338      1.000000          0.059647   \n",
       "Wind Speed (mph)   0.339079     -0.065026      0.059647          1.000000   \n",
       "Humidity           0.120951     -0.442825     -0.021568         -0.003942   \n",
       "Visibility        -0.015878      0.325665      0.076257          0.099363   \n",
       "Pressure          -0.239391     -0.111545     -0.037131         -0.408696   \n",
       "Cloud Cover        0.135287     -0.446815     -0.080383          0.233876   \n",
       "Heat Index (F)     0.053409      0.896344      0.893565         -0.088618   \n",
       "Dew Point (F)      0.136301      0.591213      0.843145         -0.054168   \n",
       "Wind Chill (F)     0.046325      0.909371      0.882900         -0.104697   \n",
       "Wind Gust (mph)    0.327997     -0.083115      0.092508          0.928047   \n",
       "\n",
       "                  Humidity  Visibility  Pressure  Cloud Cover  Heat Index (F)  \\\n",
       "Magnitude         0.120951   -0.015878 -0.239391     0.135287        0.053409   \n",
       "Max Temp (F)     -0.442825    0.325665 -0.111545    -0.446815        0.896344   \n",
       "Min Temp (F)     -0.021568    0.076257 -0.037131    -0.080383        0.893565   \n",
       "Wind Speed (mph) -0.003942    0.099363 -0.408696     0.233876       -0.088618   \n",
       "Humidity          1.000000   -0.550248  0.121935     0.706455       -0.241897   \n",
       "Visibility       -0.550248    1.000000 -0.054586    -0.519312        0.222715   \n",
       "Pressure          0.121935   -0.054586  1.000000     0.001784       -0.006352   \n",
       "Cloud Cover       0.706455   -0.519312  0.001784     1.000000       -0.342890   \n",
       "Heat Index (F)   -0.241897    0.222715 -0.006352    -0.342890        1.000000   \n",
       "Dew Point (F)     0.362073   -0.092816  0.058386     0.075287        0.797898   \n",
       "Wind Chill (F)   -0.283574    0.226141 -0.025334    -0.352423        0.980615   \n",
       "Wind Gust (mph)   0.096757    0.028239 -0.369064     0.295384       -0.078079   \n",
       "\n",
       "                  Dew Point (F)  Wind Chill (F)  Wind Gust (mph)  \n",
       "Magnitude              0.136301        0.046325         0.327997  \n",
       "Max Temp (F)           0.591213        0.909371        -0.083115  \n",
       "Min Temp (F)           0.843145        0.882900         0.092508  \n",
       "Wind Speed (mph)      -0.054168       -0.104697         0.928047  \n",
       "Humidity               0.362073       -0.283574         0.096757  \n",
       "Visibility            -0.092816        0.226141         0.028239  \n",
       "Pressure               0.058386       -0.025334        -0.369064  \n",
       "Cloud Cover            0.075287       -0.352423         0.295384  \n",
       "Heat Index (F)         0.797898        0.980615        -0.078079  \n",
       "Dew Point (F)          1.000000        0.769628         0.005163  \n",
       "Wind Chill (F)         0.769628        1.000000        -0.091715  \n",
       "Wind Gust (mph)        0.005163       -0.091715         1.000000  "
      ]
     },
     "execution_count": 13,
     "metadata": {},
     "output_type": "execute_result"
    }
   ],
   "source": [
    "correlation = f.corr()\n",
    "correlation"
   ]
  },
  {
   "cell_type": "code",
   "execution_count": null,
   "metadata": {},
   "outputs": [],
   "source": []
  }
 ],
 "metadata": {
  "kernelspec": {
   "display_name": "Python 3",
   "language": "python",
   "name": "python3"
  },
  "language_info": {
   "codemirror_mode": {
    "name": "ipython",
    "version": 3
   },
   "file_extension": ".py",
   "mimetype": "text/x-python",
   "name": "python",
   "nbconvert_exporter": "python",
   "pygments_lexer": "ipython3",
   "version": "3.7.0"
  }
 },
 "nbformat": 4,
 "nbformat_minor": 2
}
